101,Terry,71,6,1700
102,Timothy,71,6,1700
103,Nicholas,71,6,1700
201,Darlene,71,6,1700
202,April,71,6,1700
203,Martha,32,6,125000000
301,Beverley,42,4,10500000
302,Bryan,51,6,5800000000
303,Thelma,51,6,5800000000
401,Bernard,43,4,10500000
402,Diana,41,6,520000000
403,Jorge,61,3,120000000
501,Mary,52,6,5800000000
502,Roger,41,5,40000000
503,Clifford,11,5,0
601,Elsie,32,6,125000000
602,Anthony,31,6,125000000
603,Norman,43,6,520000000
701,Carrie,52,3,15500000
702,Debra,61,4,400000000
703,Marcus,61,5,2000000000
801,Marilyn,71,6,1700
802,Danielle,31,5,10000000
803,Judith,61,3,120000000
901,Raymond,11,5,0
902,Bonnie,61,5,2000000000
903,Mary,44,6,520000000
1001,Erin,31,5,10000000
1002,Jack,61,5,2000000000
1003,Regina,61,5,2000000000
1101,Thomas,52,3,15500000
1102,Vivian,44,5,40000000
1103,Lauren,41,6,520000000
1201,Carmen,52,4,55000000
1202,Vivian,52,4,55000000
1203,Craig,51,4,55000000
1301,Janice,52,4,55000000
1302,Andrew,71,6,1700
1303,Karen,52,6,5800000000
1401,Edith,52,6,5800000000
1402,Vanessa,52,4,55000000
1403,Shirley,44,5,40000000
1501,Dawn,42,5,40000000
1502,Rhonda,42,6,520000000
1503,Kenneth,41,6,520000000
1601,Eugene,51,3,15500000
1602,Sally,51,6,5800000000
1603,Marcus,61,3,120000000
1701,Melvin,61,4,400000000
1702,Leon,71,6,1700
1703,Diane,51,4,55000000
1801,Adam,51,3,15500000
1802,Jerry,44,5,40000000
1803,Dustin,61,5,2000000000
1901,Howard,71,6,1700
1902,Carlos,42,6,520000000
1903,Jay,42,6,520000000
2001,Phyllis,51,5,260000000
2002,Carolyn,52,5,260000000
2003,Walter,43,5,40000000
2101,Joanne,61,5,2000000000
2102,Roy,61,3,120000000
2103,Ricardo,51,3,15500000
2201,Raymond,43,6,520000000
2202,Carl,44,5,40000000
2203,Craig,12,5,0
2301,Eva,52,6,5800000000
2302,Kenneth,51,5,260000000
2303,Rita,44,5,40000000
2401,Florence,52,3,15500000
2402,Dustin,52,3,15500000
2403,Brandon,51,4,55000000
2501,Julia,61,6,48000000000
2502,Anita,51,4,55000000
2503,Anne,44,5,40000000
2601,Chad,32,5,10000000
2602,Jesus,32,5,10000000
2603,Clarence,51,6,5800000000
2701,Lori,61,3,120000000
2702,Nicholas,41,6,520000000
2703,Steve,51,4,55000000
2801,Justin,61,4,400000000
2802,Jason,52,5,260000000
2803,Fransisco,43,5,40000000
2901,Zachary,51,3,15500000
2902,Shane,51,2,5000000
2903,Robin,44,6,520000000
3001,Kathy,51,6,5800000000
3002,Sara,61,3,120000000
3003,Hector,51,4,55000000
3101,Jean,52,6,5800000000
3102,Eugene,51,4,55000000
3103,Peter,41,6,520000000
3201,Bernard,61,5,2000000000
3202,Anna,51,5,260000000
3203,Howard,52,5,260000000
3301,Suzanne,61,3,120000000
3302,Randall,52,5,260000000
3303,Howard,41,4,10500000
3401,Charlotte,61,6,48000000000
3402,Wesley,52,5,260000000
3403,Philip,24,6,22000000
3501,Irene,51,3,15500000
3502,Alice,44,4,10500000
3503,Christina,31,5,10000000
3601,Hector,52,6,5800000000
3602,Esther,44,6,520000000
3603,Douglas,61,4,400000000
3701,Sally,52,4,55000000
3702,Irene,41,6,520000000
3703,Sharon,52,3,15500000
3801,Hector,51,5,260000000
3802,Norman,43,5,40000000
3803,Vincent,41,4,10500000
3901,Darrel,41,6,520000000
3902,Judith,51,5,260000000
3903,Joshua,51,4,55000000
4001,Francis,51,6,5800000000
4002,Thomas,52,5,260000000
4003,Leonard,51,4,55000000
4101,Travis,71,6,1700
4102,Edward,51,5,260000000
4103,Ida,32,6,125000000
4201,Travis,51,4,55000000
4202,Rita,52,4,55000000
4203,Lee,31,5,10000000
4301,Barry,71,6,1700
4302,Nicholas,51,5,260000000
4303,Clarence,61,4,400000000
4401,Lauren,44,6,520000000
4402,Irene,71,6,1700
4403,Johnny,52,4,55000000
4501,Wayne,61,4,400000000
4502,Joshua,52,4,55000000
4503,Sean,42,4,10500000
4601,Wendy,61,5,2000000000
4602,Lisa,51,6,5800000000
4603,Thomas,43,5,40000000
4701,Victoria,41,5,40000000
4702,Rachel,51,2,5000000
4703,Gladys,32,4,2400000
4801,Bernice,51,6,5800000000
4802,Jack,43,5,40000000
4803,Beatrice,42,6,520000000
4901,Joan,51,2,5000000
4902,Sherry,44,3,3050000
4903,Ruth,44,6,520000000
5001,Marilyn,51,5,260000000
5002,Lorraine,52,5,260000000
5003,Marilyn,61,1,12000000
5101,Leslie,32,3,640000
5102,Leslie,32,3,640000
5103,Joanne,61,5,2000000000
5201,Julie,41,5,40000000
5202,Dawn,52,3,15500000
5203,Stanley,41,4,10500000
5301,Euguene,32,5,10000000
5302,Ann,61,6,48000000000
5303,Irene,52,6,5800000000
5401,Norma,51,6,5800000000
5402,Warren,43,4,10500000
5403,Bobby,32,2,180000
5501,Rosa,51,2,5000000
5502,Dana,42,5,40000000
5503,Thomas,43,5,40000000
5601,Elsie,52,3,15500000
5602,Pedro,41,4,10500000
5603,Louis,41,6,520000000
5701,Herman,52,5,260000000
5702,Steve,43,6,520000000
5703,Carol,61,2,37000000
5801,Janet,51,2,5000000
5802,Ronnie,44,5,40000000
5803,Tiffany,52,6,5800000000
5901,Gloria,61,5,2000000000
5902,Dorothy,52,5,260000000
5903,Geraldine,42,5,40000000
6001,Jennifer,44,6,520000000
6002,Lauren,52,5,260000000
6003,Lorraine,52,1,5000000
6101,Michelle,42,5,40000000
6102,Peggy,44,2,950000
6103,Lois,51,1,1600000
6201,Steve,41,6,520000000
6202,Bradley,51,4,55000000
6203,Stanley,43,5,40000000
